0.22700015
0.19299991
0.19699994
0.20300005
0.1999999
0.18699998
0.1999999
0.20300005
0.18699998
0.19299991
0.20300005
0.22
0.2229999
0.22999987
0.21300003
0.20699987
0.20300005
0.20699987
0.21000002
0.21000002
0.21000002
0.20699987
0.20300005
0.1999999
0.20300005
0.19299991
0.19299991
0.1999999
0.19699994
0.20300005
0.18699998
0.18699998
0.18699998
0.19699994
0.19699994
0.1999999
0.19699994
0.183
0.18699998
0.17999998
0.18699998
0.18999998
0.19299991
0.18699998
0.183
0.18699998
0.18999998
0.17999998
0.18699998
0.18999998
